# ~\~ language=TOML filename=data/mandelbrot.toml
# ~\~ begin <<docs/src/index.md|data/mandelbrot.toml>>[init]
["Full image"]
max_iter = 256
width = 1024
height = 1024
center = [-0.8, 0.0]
extent = [3.0, 3.0]

[Zoom]
max_iter = 1024
width = 1024
height = 1024
center = [-1.1195, 0.2718]
extent = [0.005, 0.005]

["Deep zoom"]
max_iter = 5000000
width = 1920
height = 1024
center = [-0.743643887037151, 0.131825904205330]
extent = [3.0e-11, 3.0e-11]
# ~\~ end
